0.0 71
1.0 541
2.0 433
3.0 156
4.0 72
5.0 54
6.0 31
7.0 30
8.0 33
9.0 31
10.0 36
11.0 22
12.0 11
13.0 20
14.0 12
15.0 9
16.0 7
17.0 6
18.0 3
19.0 6
20.0 2
21.0 3
22.0 3
23.0 3
24.0 3
25.0 3
26.0 3
27.0 1
28.0 4
29.0 0
30.0 1
31.0 2
32.0 3
33.0 2
34.0 3
35.0 2
36.0 1
37.0 1
38.0 1
39.0 0
40.0 0
41.0 0
42.0 0
43.0 0
44.0 1
45.0 1
46.0 0
47.0 2
48.0 0
49.0 0
50.0 1
51.0 0
52.0 0
53.0 0
54.0 0
55.0 0
56.0 0
57.0 0
58.0 1
59.0 0
60.0 1
61.0 0
62.0 0
63.0 0
64.0 0
65.0 1
66.0 0
67.0 0
68.0 0
69.0 1
70.0 0
71.0 0
72.0 0
73.0 1
74.0 0
75.0 0
76.0 0
77.0 0
78.0 0
79.0 0
80.0 0
81.0 0
82.0 2
83.0 1
84.0 0
85.0 0
86.0 2
87.0 0
88.0 0
89.0 0
90.0 0
91.0 0
92.0 0
93.0 0
94.0 0
95.0 0
96.0 1
97.0 0
